01612535000186
02093296000168
02533538000197
02636065000153
02670773000100
02761916000190
03111306000103
03302183000198
03657699000155
04073827000186
04355437000107
05121366000132
05219340000121
05272343000129
05613278000158
05698531000113
05914402000115
06014214000101
06121103000196
07205362000168
07270919000144
07442825000105
07570518000100
07669682000179
07782840000100
07811946000187
07834583000103
07891674000172
08217010000195
08650376000153
08797730000177
08858958000120
08944076000187
10113728000183
10150043000107
10282945000105
10785405000136
10833351000137
11182169000126
11361201000130
11613627000134
11863032000137
12011634000129
12200150000128
12207429000133


12227971000158
12333738000150
12369872000100
12369880000157
12465068000125
13688764000163
17291820000182
20870418000167
24131617000104
25263221000183
26988360000137
26994558000123
35467026000129
35542612000190
41590175000183